BCN 22 36 (140, 70, 180) 9135
SON 99 46 (120, 150, 170) 23629
CHH 336 91 (100, 140, 150) 33009
COA 545 176 (60, 160, 130) 19756
BCS 109 234 (120, 70, 150) 8935
NLE 622 263 (120, 90, 110) 7790
TAM 638 268 (50, 160, 200) 9705
SIN 320 289 (90, 160, 160) 6836
DUR 406 301 (200, 110, 80) 15826
ZAC 542 372 (120, 120, 140) 8938
SLP 604 400 (70, 120, 110) 7392
NAY 434 460 (70, 200, 170) 3172
JAL 481 470 (110, 120, 60) 9347
VER 700 482 (50, 170, 120) 8297
AGU 543 486 (200, 140, 50) 565
ROO 1133 490 (80, 90, 80) 4507
YUC 1092 491 (80, 50, 120) 5568
GUA 579 508 (140, 110, 90) 3608
QUE 664 516 (160, 90, 150) 1174
HID 672 530 (190, 130, 130) 2310
CAM 1007 538 (90, 50, 130) 6881
PUE 718 548 (100, 60, 120) 3749
MIC 552 568 (160, 60, 60) 7214
MEX 639 573 (90, 180, 70) 2406
TLA 702 596 (50, 50, 200) 351
DIF 668 604 (120, 190, 70) 105
COL 477 606 (50, 110, 50) 547
MOR 664 620 (120, 130, 80) 472
TAB 928 629 (170, 200, 200) 2784
GRO 611 632 (140, 90, 140) 8028
OAX 768 638 (120, 50, 140) 12139
CHP 902 658 (100, 190, 190) 9360
