AGU 524 1274 1723 1355 0 1051 307 631 2043 1831 591 1804 775 1733 366 1764 1648 780 924 742
BCN 1012 1893 1812 747 1571 2245 1326 446 1639 2199 987 1904 1715 1383 908 1822 1590 969 914 402
BCS 950 1225 606 1593 699 1252 1309 1650 857 1721 1296 1489 1537 251 1013 2183 243 1546 1232 988
CAM 1753 1465 507 1336 860 1067 1431 1109 2157 1090 947 993 1093 733 678 475 186 465 943 1027
CHP 9 201 386 851 1698 129 1079 526 325 993 1439 1967 527 1232 1220 1336 893 1231 995 1113
CHH 1456 738 517 1192 1318 329 1330 941 652 950 1412 1919 233 644 1541 1270 567 427 1485 1819
COA 683 1170 1098 773 1457 1354 830 706 258 915 1330 929 1915 590 560 819 618 2008 1409 1270
COL 1124 1732 327 1511 1180 300 1418 1409 1587 1110 1027 1541 1699 1228 1079 1699 1350 1650 137 675
DIF 263 809 126 1083 976 1401 514 1531 820 1229 1264 918 1685 872 310 0 1369 1154 513 248
DUR 349 750 901 608 719 2469 1532 260 997 972 1257 1679 1170 539 1007 1158 977 871 196 611
GUA 1209 824 853 1008 1385 543 950 1507 953 78 970 1268 765 444 736 1136 753 1001 873 267
GRO 1188 1666 691 1420 1545 2168 1068 1220 1265 47 0 1618 1697 2067 981 865 1418 1687 909 1456
HID 1397 2202 1236 655 1258 873 1230 1591 1906 1417 579 1428 1345 1330 2036 1074 1164 1249 1843 834
JAL 450 1085 621 260 1290 1851 875 865 772 427 909 697 545 1537 511 1260 973 1481 988 1217
MEX 798 0 935 921 860 1127 1009 1220 1144 1397 1321 696 870 1457 1331 1234 1755 396 1385 1431
MIC 1502 811 1249 984 821 1664 1422 518 916 1616 1252 870 784 1150 193 604 1030 980 1423 2145
MOR 642 596 1147 114 680 841 1904 986 795 1926 1137 961 963 1471 908 424 648 1135 666 705
NAY 1200 2171 1231 1084 761 1002 1619 417 917 1476 1088 964 532 1768 1192 1113 1754 579 551 1014
NLE 1698 1358 350 514 754 1298 1234 729 1334 312 1916 380 1148 1221 470 677 0 1277 859 1005
OAX 2072 746 1027 1084 1440 876 1127 1287 1405 973 1392 1245 654 1539 647 1809 1327 1735 84 1160
PUE 1100 705 1577 77 527 436 1663 43 0 366 1354 890 596 272 623 623 1517 835 872 1093
QUE 839 1524 1641 1400 1255 1147 723 1361 740 81 730 1833 255 1298 1088 564 823 1855 347 1483
ROO 857 93 1418 1142 1651 905 1364 907 1106 1225 1842 466 1174 1106 582 1046 679 513 673 387
SLP 535 608 998 748 1352 1054 1405 656 1067 1545 2081 565 500 1340 291 1516 838 689 727 774
SIN 292 802 938 1017 955 1372 2292 1495 1311 912 586 900 709 1004 492 1593 139 1176 1593 672
SON 695 120 1028 720 1103 574 2055 0 1079 1506 581 758 1016 938 784 0 93 1122 1516 965
TAB 22 808 488 1170 816 1000 645 933 681 1149 1406 1287 893 1726 1673 237 1229 0 1395 888
TAM 1735 743 569 772 979 977 901 667 1004 1268 739 1265 811 935 1569 1166 77 1085 1416 919
TLA 791 1363 628 220 1933 1345 1685 1175 1118 388 1354 297 376 546 870 1520 901 747 1784 688
VER 0 1642 1662 1900 1320 599 1010 1075 608 175 1281 810 1090 895 529 1168 286 735 588 1030
YUC 1835 1597 1792 497 886 1348 1023 532 995 971 699 2216 766 951 849 1587 1233 672 1515 0
ZAC 1061 699 349 428 0 1055 770 808 2337 1583 868 1161 1309 986 1090 951 1385 1106 1484 22
